[gd_scene load_steps=8 format=3 uid="uid://c33aod55opm21"]

[ext_resource type="Script" uid="uid://cn4ptmbjg8oaa" path="res://scenes/cell.gd" id="1_cbivr"]
[ext_resource type="Material" uid="uid://bq22wox10tiej" path="res://resources/gfx/materials/cell_brick.tres" id="2_ifyuy"]
[ext_resource type="Material" uid="uid://bkm3hblgnbhid" path="res://resources/gfx/materials/cell_brick_window.tres" id="2_u7o86"]

[sub_resource type="PlaneMesh" id="PlaneMesh_danl4"]
material = ExtResource("2_ifyuy")
size = Vector2(3, 3)

[sub_resource type="BoxShape3D" id="BoxShape3D_6wjxc"]
size = Vector3(1, 0, 1)

[sub_resource type="PlaneMesh" id="PlaneMesh_aa7xv"]
material = ExtResource("2_u7o86")
size = Vector2(3, 3)

[sub_resource type="PlaneMesh" id="PlaneMesh_a2bm6"]
material = ExtResource("2_ifyuy")
size = Vector2(3, 3)

[node name="Node3D" type="Node3D"]
script = ExtResource("1_cbivr")

[node name="floor" type="MeshInstance3D" parent="."]
mesh = SubResource("PlaneMesh_danl4")

[node name="StaticBody3D" type="StaticBody3D" parent="floor"]

[node name="CollisionShape3D" type="CollisionShape3D" parent="floor/StaticBody3D"]
transform = Transform3D(3, 0, 0, 0, 3, 0, 0, 0, 3, 0, 0, 0)
shape = SubResource("BoxShape3D_6wjxc")

[node name="back" type="MeshInstance3D" parent="."]
transform = Transform3D(-4.37114e-08, 1, 0, 4.37114e-08, 1.91069e-15, -1, -1, -4.37114e-08, -4.37114e-08, -1.5, 1.5, 0)
visible = false
mesh = SubResource("PlaneMesh_aa7xv")

[node name="SpotLight3D" type="SpotLight3D" parent="back"]
transform = Transform3D(1, 3.62861e-08, -6.80837e-08, -3.62862e-08, -0.557571, -0.830129, -6.80836e-08, 0.830129, -0.557571, -1.71748e-08, -0.616325, -0.392913)
light_color = Color(1, 0.188235, 0.101961, 1)
light_energy = 1.6
shadow_enabled = true
spot_range = 8.0
spot_angle = 23.18

[node name="StaticBody3D" type="StaticBody3D" parent="back"]

[node name="CollisionShape3D" type="CollisionShape3D" parent="back/StaticBody3D"]
transform = Transform3D(3, 0, 0, 0, 3, 0, 0, 0, 3, 0, 0, 0)
shape = SubResource("BoxShape3D_6wjxc")
disabled = true

[node name="ceiling" type="MeshInstance3D" parent="."]
transform = Transform3D(-1, -8.74228e-08, 0, 8.74228e-08, -1, 0, 0, 0, 1, 0, 3, 0)
mesh = SubResource("PlaneMesh_a2bm6")
skeleton = NodePath("../back")

[node name="StaticBody3D" type="StaticBody3D" parent="ceiling"]

[node name="CollisionShape3D" type="CollisionShape3D" parent="ceiling/StaticBody3D"]
transform = Transform3D(3, 0, 0, 0, 3, 0, 0, 0, 3, 0, 0, 0)
shape = SubResource("BoxShape3D_6wjxc")

[node name="left" type="MeshInstance3D" parent="."]
transform = Transform3D(1, -1.50996e-07, 8.74227e-08, 8.74227e-08, 4.37114e-08, -1, 1.50996e-07, 1, 4.37114e-08, 0, 1.5, -1.5)
visible = false
mesh = SubResource("PlaneMesh_aa7xv")
skeleton = NodePath("../front")

[node name="SpotLight3D" type="SpotLight3D" parent="left"]
transform = Transform3D(1, 3.62861e-08, -6.80837e-08, -3.62862e-08, -0.557571, -0.830129, -6.80836e-08, 0.830129, -0.557571, -1.71748e-08, -0.616325, -0.392913)
light_color = Color(1, 0.188235, 0.101961, 1)
light_energy = 1.6
shadow_enabled = true
spot_range = 8.0
spot_angle = 23.18

[node name="StaticBody3D" type="StaticBody3D" parent="left"]

[node name="CollisionShape3D" type="CollisionShape3D" parent="left/StaticBody3D"]
transform = Transform3D(3, 0, 0, 0, 3, 0, 0, 0, 3, 0, 0, 0)
shape = SubResource("BoxShape3D_6wjxc")
disabled = true

[node name="front" type="MeshInstance3D" parent="."]
transform = Transform3D(0, -1, 0, -4.37114e-08, 0, -1, 1, 0, -4.37114e-08, 1.5, 1.5, 0)
visible = false
mesh = SubResource("PlaneMesh_aa7xv")
skeleton = NodePath("../back")

[node name="SpotLight3D" type="SpotLight3D" parent="front"]
transform = Transform3D(1, 3.62861e-08, -6.80837e-08, -3.62862e-08, -0.557571, -0.830129, -6.80836e-08, 0.830129, -0.557571, -1.71748e-08, -0.616325, -0.392913)
light_color = Color(1, 0.188235, 0.101961, 1)
light_energy = 1.6
shadow_enabled = true
spot_range = 8.0
spot_angle = 23.18

[node name="StaticBody3D" type="StaticBody3D" parent="front"]

[node name="CollisionShape3D" type="CollisionShape3D" parent="front/StaticBody3D"]
transform = Transform3D(3, 0, 0, 0, 3, 0, 0, 0, 3, 0, 0, 0)
shape = SubResource("BoxShape3D_6wjxc")
disabled = true

[node name="right" type="MeshInstance3D" parent="."]
transform = Transform3D(-1, 1.02324e-07, -4.37114e-08, 4.37114e-08, -1.96036e-14, -1, -8.74228e-08, -1, 3.19744e-14, 0, 1.5, 1.5)
visible = false
mesh = SubResource("PlaneMesh_aa7xv")
skeleton = NodePath("../left")

[node name="SpotLight3D" type="SpotLight3D" parent="right"]
transform = Transform3D(1, 3.62861e-08, -6.80837e-08, -3.62862e-08, -0.557571, -0.830129, -6.80836e-08, 0.830129, -0.557571, -1.71748e-08, -0.616325, -0.392913)
light_color = Color(1, 0.188235, 0.101961, 1)
light_energy = 1.6
shadow_enabled = true
spot_range = 8.0
spot_angle = 23.18

[node name="StaticBody3D" type="StaticBody3D" parent="right"]

[node name="CollisionShape3D" type="CollisionShape3D" parent="right/StaticBody3D"]
transform = Transform3D(3, 0, 0, 0, 3, 0, 0, 0, 3, 0, 0, 0)
shape = SubResource("BoxShape3D_6wjxc")
disabled = true
